major minor  #blocks  name

   1        0       8192 ram0
   1        1       8192 ram1
   1        2       8192 ram2
   1        3       8192 ram3
   1        4       8192 ram4
   1        5       8192 ram5
   1        6       8192 ram6
   1        7       8192 ram7
   1        8       8192 ram8
   1        9       8192 ram9
   1       10       8192 ram10
   1       11       8192 ram11
   1       12       8192 ram12
   1       13       8192 ram13
   1       14       8192 ram14
   1       15       8192 ram15
   7        0        836 loop0
   7        8      40792 loop1
   7       16      39012 loop2
   7       24      10984 loop3
   7       32      41184 loop4
   7       40        780 loop5
   7       48      81764 loop6
   7       56        264 loop7
   7       64      39012 loop8
   7       72        836 loop9
   7       80        264 loop10
   7       88      41180 loop11
   7       96        640 loop12
   7      104        268 loop13
   7      112       7716 loop14
   7      120      40792 loop15
   8        0       4096 sda
   8       16       4096 sdb
   8       32  249921536 sdc
   8       33       1024 sdc1
   8       34       3072 sdc2
   8       35      57344 sdc3
   8       36      57344 sdc4
   8       37        512 sdc5
   8       38        512 sdc6
   8       39     131072 sdc7
   8       40       1024 sdc8
   8       41      32768 sdc9
   8       42      65536 sdc10
   8       43       8192 sdc11
   8       44       8192 sdc12
   8       45       8192 sdc13
   8       46       8192 sdc14
   8       47       8192 sdc15
 259        0       8192 sdc16
 259        1      32768 sdc17
 259        2      51168 sdc18
 259        3       8192 sdc19
 259        4       8192 sdc20
 259        5       8192 sdc21
 259        6      49152 sdc22
 259        7     204800 sdc23
 259        8       1024 sdc24
 259        9      32768 sdc25
 259       10       1024 sdc26
 259       11       4096 sdc27
 259       12       6144 sdc28
 259       13       4096 sdc29
 259       14       6144 sdc30
 259       15       1024 sdc31
 259       16       1024 sdc32
 259       17       1024 sdc33
 259       18       4096 sdc34
 259       19      65536 sdc35
 259       20      32768 sdc36
 259       21       4096 sdc37
 259       22       8192 sdc38
 259       23      65536 sdc39
 259       24      65536 sdc40
 259       25       8192 sdc41
 259       26       8192 sdc42
 259       27       5120 sdc43
 259       28       2048 sdc44
 259       29        512 sdc45
 259       30      65536 sdc46
 259       31      25600 sdc47
 259       32       8192 sdc48
 259       33      14848 sdc49
 259       34     204800 sdc50
 259       35       1024 sdc51
 259       36      32768 sdc52
 259       37       1024 sdc53
 259       38       4096 sdc54
 259       39       6144 sdc55
 259       40       4096 sdc56
 259       41       6144 sdc57
 259       42       1024 sdc58
 259       43       1024 sdc59
 259       44       1024 sdc60
 259       45       4096 sdc61
 259       46      65536 sdc62
 259       47      32768 sdc63
 259       48       4096 sdc64
 259       49       8192 sdc65
 259       50      65536 sdc66
 259       51      65536 sdc67
 259       52       8192 sdc68
 259       53       8192 sdc69
 259       54       8192 sdc70
 259       55       8192 sdc71
 259       56       7168 sdc72
 259       57   12135184 sdc73
 259       58       1024 sdc74
 259       59       1024 sdc75
 259       60     314608 sdc76
 259       61  235700192 sdc77
 259       62      16384 sdc78
 254        0     826640 dm-0
 254        1    2096984 dm-1
 254        2    3332964 dm-2
 254        3    2802436 dm-3
 254        4      21440 dm-4
 254        5        340 dm-5
 254        6        340 dm-6
 254        7        340 dm-7
 254        8        340 dm-8
 254        9        340 dm-9
 254       10     300208 dm-10
 254       11     198692 dm-11
 254       12        340 dm-12
 254       13        340 dm-13
 254       14     811080 dm-14
 254       15    2749880 dm-15
 254       16    2047428 dm-16
 254       17    3270480 dm-17
 254       18      20956 dm-18
 254       19        256 dm-19
 254       20          4 dm-20
 254       21          4 dm-21
 254       22          8 dm-22
 254       23          4 dm-23
 254       24          4 dm-24
 254       25     194880 dm-25
 254       26     294504 dm-26
 254       27          4 dm-27
   7      128      46412 loop16
   7      136      10984 loop17
   7      144       2416 loop18
   7      152        428 loop19
   7      160       2220 loop20
   7      168        628 loop21
   7      176       3284 loop22
   7      184      10472 loop23
   7      192        264 loop24
   7      200       2660 loop25
   7      208      28908 loop26
   7      216       8824 loop27
   7      224      42172 loop28
   7      232       6436 loop29
   7      240       7908 loop30
   7      248      22144 loop31
   7      256       6944 loop32
   7      264       4892 loop33
   7      272        672 loop34
   7      280        264 loop35
   7      288      18992 loop36
   7      296      15540 loop37
   7      304        880 loop38
   7      312       4496 loop39
   7      320       3116 loop40
   7      328       6908 loop41
   7      336       1416 loop42
   7      344      14140 loop43
   7      352        268 loop44
   7      360      25768 loop45
   7      368        352 loop46
   7      376      31420 loop47
   7      384      23368 loop48
   7      392       4316 loop49
   7      400    1048576 loop50
 254       32      23172 dm-32
 254       34        760 dm-34
 254       35        256 dm-35
 254       37       4268 dm-37
 254       39      25556 dm-39
 254       40      14016 dm-40
 254       41      31164 dm-41
 254       44       1392 dm-44
 254       45       3076 dm-45
 254       46       6840 dm-46
 254       47        860 dm-47
 254       48      15404 dm-48
 254       50      21960 dm-50
 254       52        652 dm-52
 254       53       4448 dm-53
 254       54       6372 dm-54
 254       55      41832 dm-55
 254       59       4840 dm-59
 254       60       7832 dm-60
 254       61      18832 dm-61
 254       66       6876 dm-66
 254       70       8740 dm-70
 254       71      28672 dm-71
 254       72      10376 dm-72
 253        0    7621952 zram0
 254       74  235700192 dm-74
   7      408    2097152 loop51
 254       75       4092 dm-75
 254       76       4092 dm-76
