major minor  #blocks  name

   1        0       8192 ram0
   1        1       8192 ram1
   1        2       8192 ram2
   1        3       8192 ram3
   1        4       8192 ram4
   1        5       8192 ram5
   1        6       8192 ram6
   1        7       8192 ram7
   1        8       8192 ram8
   1        9       8192 ram9
   1       10       8192 ram10
   1       11       8192 ram11
   1       12       8192 ram12
   1       13       8192 ram13
   1       14       8192 ram14
   1       15       8192 ram15
   7        0      40792 loop0
   7        8        836 loop1
   7       16      10984 loop2
   7       24      39012 loop3
   7       32      41184 loop4
   7       40      42004 loop5
   7       48       7520 loop6
   7       56        352 loop7
   7       64      18972 loop8
   7       72      81764 loop9
   7       80        844 loop10
   7       88        264 loop11
   7       96      11892 loop12
   7      104      39012 loop13
   7      112       4556 loop14
   7      120       8068 loop15
   8        0       4096 sda
   8       16       4096 sdb
   8       32  249921536 sdc
   8       33       1024 sdc1
   8       34       3072 sdc2
   8       35      57344 sdc3
   8       36      57344 sdc4
   8       37        512 sdc5
   8       38        512 sdc6
   8       39     131072 sdc7
   8       40       1024 sdc8
   8       41      32768 sdc9
   8       42      65536 sdc10
   8       43       8192 sdc11
   8       44       8192 sdc12
   8       45       8192 sdc13
   8       46       8192 sdc14
   8       47       8192 sdc15
 259        0       8192 sdc16
 259        1      32768 sdc17
 259        2      51168 sdc18
 259        3       8192 sdc19
 259        4       8192 sdc20
 259        5       8192 sdc21
 259        6      49152 sdc22
 259        7     204800 sdc23
 259        8       1024 sdc24
 259        9      32768 sdc25
 259       10       1024 sdc26
 259       11       4096 sdc27
 259       12       6144 sdc28
 259       13       4096 sdc29
 259       14       6144 sdc30
 259       15       1024 sdc31
 259       16       1024 sdc32
 259       17       1024 sdc33
 259       18       4096 sdc34
 259       19      65536 sdc35
 259       20      32768 sdc36
 259       21       4096 sdc37
 259       22       8192 sdc38
 259       23      65536 sdc39
 259       24      65536 sdc40
 259       25       8192 sdc41
 259       26       8192 sdc42
 259       27       5120 sdc43
 259       28       2048 sdc44
 259       29        512 sdc45
 259       30      65536 sdc46
 259       31      25600 sdc47
 259       32       8192 sdc48
 259       33      14848 sdc49
 259       34     204800 sdc50
 259       35       1024 sdc51
 259       36      32768 sdc52
 259       37       1024 sdc53
 259       38       4096 sdc54
 259       39       6144 sdc55
 259       40       4096 sdc56
 259       41       6144 sdc57
 259       42       1024 sdc58
 259       43       1024 sdc59
 259       44       1024 sdc60
 259       45       4096 sdc61
 259       46      65536 sdc62
 259       47      32768 sdc63
 259       48       4096 sdc64
 259       49       8192 sdc65
 259       50      65536 sdc66
 259       51      65536 sdc67
 259       52       8192 sdc68
 259       53       8192 sdc69
 259       54       8192 sdc70
 259       55       8192 sdc71
 259       56       7168 sdc72
 259       57   12135184 sdc73
 259       58       1024 sdc74
 259       59       1024 sdc75
 259       60     314608 sdc76
 259       61  235700192 sdc77
 259       62      16384 sdc78
 254        0     826640 dm-0
 254        1    2096984 dm-1
 254        2    3332964 dm-2
 254        3    2802436 dm-3
 254        4      21440 dm-4
 254        5        340 dm-5
 254        6        340 dm-6
 254        7        340 dm-7
 254        8        340 dm-8
 254        9        340 dm-9
 254       10     300208 dm-10
 254       11     198692 dm-11
 254       12        340 dm-12
 254       13        340 dm-13
 254       14     811080 dm-14
 254       15    2749880 dm-15
 254       16    2047428 dm-16
 254       17    3270480 dm-17
 254       18      20956 dm-18
 254       19        256 dm-19
 254       20          4 dm-20
 254       21          4 dm-21
 254       22          8 dm-22
 254       23          4 dm-23
 254       24          4 dm-24
 254       25     194880 dm-25
 254       26     294504 dm-26
 254       27          4 dm-27
   7      128      41180 loop16
   7      136      10984 loop17
   7      144        640 loop18
   7      152      44640 loop19
   7      160       5828 loop20
   7      168        268 loop21
   7      176       5776 loop22
   7      184       6260 loop23
   7      192       7716 loop24
   7      200      17052 loop25
   7      208       3564 loop26
   7      216      40792 loop27
   7      224       8144 loop28
   7      232      46412 loop29
   7      240       2660 loop30
   7      248        880 loop31
   7      256      23684 loop32
   7      264      14476 loop33
   7      272      36124 loop34
   7      280       3284 loop35
   7      288      22012 loop36
   7      296        268 loop37
   7      304      29820 loop38
   7      312       1180 loop39
   7      320        264 loop40
   7      328       1504 loop41
   7      336       2416 loop42
   7      344        428 loop43
   7      352      34316 loop44
   7      360       2220 loop45
   7      368        264 loop46
   7      376        628 loop47
   7      384        264 loop48
   7      392        264 loop49
   7      400    1048576 loop50
 254       32      34036 dm-32
 254       34       1156 dm-34
 254       35        256 dm-35
 254       37        252 dm-37
 254       39      29576 dm-39
 254       40      14348 dm-40
 254       41      35832 dm-41
 254       44       1480 dm-44
 254       45       3524 dm-45
 254       46       7448 dm-46
 254       47        860 dm-47
 254       48      16904 dm-48
 254       50      21828 dm-50
 254       52       5716 dm-52
 254       53       5768 dm-53
 254       54       6196 dm-54
 254       55      44280 dm-55
 254       59       4508 dm-59
 254       60       8068 dm-60
 254       61      23488 dm-61
 254       65        824 dm-65
 254       66       7992 dm-66
 254       70      11784 dm-70
 254       71      41664 dm-71
 254       72      18812 dm-72
 253        0    7614580 zram0
 254       74  235700192 dm-74
 254       75       4092 dm-75
 254       76       4092 dm-76